2000 2000
41 48
15 58
70 17
47 91
53 56
25 8
64 103
21 39
13 77
70 12
15 27
68 40
8 65
26 71
51 7
51 30
3 12
23 24
36 83
66 63
19 81
11 49
65 31
18 27
66 88
58 72
2 100
15 90
61 23
52 100
33 97
38 34
4 48
23 15
23 48
40 75
57 62
17 95
25 26
40 45
33 80
15 66
12 88
67 31
15 92
46 8
60 23
70 68
1 48
67 43
5 40
24 52
55 99
61 46
7 12
51 43
15 88
22 66
10 92
56 14
59 69
2 104
61 20
12 93
55 74
15 20
43 28
50 40
9 20
44 37
50 83
63 100
35 95
46 40
10 56
32 86
29 35
12 14
48 47
18 73
15 31
5 84
35 42
47 86
52 55
67 100
2 59
52 65
13 34
1 76
45 101
53 78
6 27
13 59
22 15
36 90
11 109
57 48
39 63
22 22
38 45
49 49
10 51
47 29
7 19
47 47
22 65
8 45
0 32
40 105
64 5
62 11
64 1
39 64
61 21
30 26
64 6
35 37
24 5
7 88
3 110
14 51
6 89
6 62
57 98
14 35
61 54
22 46
21 27
60 70
49 28
59 60
13 19
27 6
10 49
7 0
60 94
34 90
44 24
58 88
40 111
53 71
61 38
32 76
42 2
37 12
4 27
34 83
51 7
19 13
25 28
25 103
54 46
26 51
57 20
41 93
63 24
22 106
20 6
2 99
42 35
57 67
51 30
31 76
28 59
64 10
30 83
9 62
5 105
35 59
53 60
16 52
60 73
57 40
53 71
63 9
3 71
55 76
50 108
29 14
68 110
26 70
45 76
22 110
0 23
26 17
59 83
51 64
1 111
38 6
43 74
66 46
49 9
65 7
13 60
11 110
19 45
47 46
32 47
63 41
23 65
59 69
10 86
49 5
32 56
45 31
68 26
52 3
18 27
68 56
47 86
39 21
5 36
43 29
40 98
0 103
17 111
48 12
70 16
22 97
44 109
10 34
43 7
69 21
68 41
45 91
22 111
9 86
47 92
63 106
66 59
24 101
32 100
31 7
33 5
64 11
7 88
62 56
44 45
64 24
1 23
29 97
41 10
69 89
20 62
5 44
15 46
52 75
45 40
42 94
57 11
25 93
60 99
43 35
21 9
66 50
41 8
13 67
41 59
60 43
15 85
1 63
58 12
46 70
1 111
31 104
45 64
16 23
26 84
63 24
47 54
0 38
22 99
13 2
55 38
37 83
8 21
37 51
64 91
6 23
14 106
13 94
45 27
10 55
8 51
12 85
70 60
18 45
27 5
2 23
54 12
34 15
51 22
15 18
25 25
51 110
59 109
56 22
60 56
22 107
40 70
21 61
17 84
26 16
64 68
11 30
65 109
56 101
52 78
4 92
18 72
23 54
4 39
48 74
0 30
46 108
7 49
63 28
47 21
48 24
38 17
29 47
23 71
38 45
23 16
67 72
34 101
18 46
1 106
43 103
4 3
41 104
49 72
34 71
51 58
45 34
59 90
32 100
61 42
40 8
12 63
1 100
6 48
1 52
52 20
11 88
51 95
48 36
51 64
33 52
43 99
53 16
64 28
20 110
39 4
15 51
63 63
26 103
64 23
12 47
23 4
22 8
65 37
10 79
40 6
5 70
19 9
11 60
23 88
60 10
51 1
32 10
9 33
65 7
70 86
31 11
25 8
28 83
60 72
16 73
45 64
30 1
28 44
10 40
10 24
27 75
28 28
28 73
0 54
32 94
44 21
8 48
26 42
40 81
63 63
63 96
17 12
68 74
59 82
38 60
63 104
1 21
62 32
55 91
6 41
43 82
23 19
45 39
30 69
64 7
49 39
42 4
53 23
1 64
52 59
25 8
9 99
49 29
45 21
28 38
36 93
63 35
22 103
39 100
0 5
20 98
9 102
34 112
70 1
54 100
70 90
48 5
23 68
53 51
30 70
45 5
21 30
10 30
44 23
33 18
6 50
34 32
58 72
19 62
18 21
52 86
50 9
46 60
36 15
63 58
18 88
4 93
2 73
6 30
68 46
44 32
51 19
44 58
6 63
21 75
25 1
24 52
13 62
9 82
8 19
12 17
54 52
24 70
16 54
58 10
55 48
65 56
60 18
12 101
37 21
37 33
39 31
60 27
2 96
36 100
10 97
70 21
69 110
50 52
65 100
56 64
19 83
19 6
28 98
70 81
30 77
35 54
44 41
25 57
5 33
20 35
37 112
43 60
0 22
34 45
42 59
54 67
27 43
22 36
61 41
53 46
62 76
62 36
57 23
24 75
57 75
10 41
13 98
14 9
23 72
49 64
17 65
28 12
51 108
49 75
45 28
37 52
7 49
34 111
60 33
11 22
36 39
19 56
38 48
14 98
37 35
64 21
62 94
15 18
51 67
15 65
7 78
17 44
10 86
44 83
68 78
70 71
51 32
40 23
36 7
34 108
37 88
57 55
29 75
42 91
36 9
55 65
49 48
47 88
19 3
25 92
24 5
28 73
14 1
67 1
68 94
52 52
30 20
47 91
23 107
19 23
66 75
28 27
53 85
32 34
32 14
53 67
46 57
21 95
63 62
70 64
19 35
39 65
42 27
67 61
36 19
60 60
7 24
51 26
48 58
40 79
64 67
39 58
7 96
67 1
1 63
64 61
20 67
24 62
41 28
42 14
28 36
53 10
59 13
66 28
19 16
28 81
40 53
3 1
23 41
69 103
39 26
31 78
25 48
64 79
17 1
22 8
63 5
58 22
14 40
65 9
64 71
45 24
46 40
13 76
67 108
28 48
9 36
35 91
55 8
62 47
44 105
21 106
59 54
52 25
1 55
7 64
61 56
26 12
39 49
36 6
8 3
41 54
14 15
8 86
61 36
19 13
36 111
64 45
10 36
70 76
57 68
41 69
33 99
1 43
32 51
47 97
30 66
48 8
65 66
63 55
31 69
65 36
65 77
7 12
45 98
36 3
59 40
34 18
32 47
27 4
51 79
65 91
68 24
22 25
47 9
36 0
16 97
5 67
43 9
66 97
45 108
37 97
42 111
42 29
10 42
44 22
70 9
45 78
57 0
28 5
4 73
27 37
1 66
58 62
6 99
4 51
35 112
46 96
60 30
23 111
53 58
53 112
8 110
21 40
1 73
51 83
32 96
29 69
4 98
5 99
3 30
21 89
69 107
26 77
5 60
47 54
3 25
9 76
50 44
0 80
45 46
66 60
30 91
9 0
3 40
47 38
34 1
37 91
65 38
69 14
65 83
16 110
16 47
36 58
4 102
65 85
15 11
2 79
58 27
52 88
52 28
17 85
41 47
17 59
2 32
14 1
64 38
16 84
34 63
67 96
19 68
62 59
51 8
65 72
13 44
34 29
55 33
22 0
53 49
41 0
43 47
39 25
45 40
69 14
37 82
28 11
44 20
21 14
14 32
54 85
58 8
18 85
29 94
20 112
12 57
51 42
63 107
69 84
40 48
66 56
38 56
15 83
44 97
47 81
42 25
14 61
53 75
3 84
52 84
62 86
52 70
3 97
40 76
50 62
23 76
44 38
46 5
37 32
5 51
12 58
28 108
11 60
51 15
67 81
31 57
13 42
42 47
67 79
62 106
27 86
21 95
51 23
2 13
60 40
31 38
2 97
40 11
68 41
53 108
14 25
47 11
47 107
7 1
1 25
37 73
69 57
43 25
68 71
19 1
43 65
35 47
43 4
0 95
16 79
39 25
4 100
35 13
10 73
59 11
61 91
46 27
60 111
40 74
52 34
36 64
37 80
12 24
59 58
45 106
1 30
41 63
1 43
41 78
57 87
11 109
57 104
67 87
13 54
19 63
2 106
24 23
50 59
49 86
59 86
64 77
51 98
5 17
41 50
33 60
12 68
9 52
13 6
2 95
5 33
2 102
66 31
24 106
9 96
34 77
53 35
9 110
40 43
29 86
29 102
52 100
44 60
5 111
0 89
39 67
29 94
30 28
45 22
5 31
42 68
52 17
29 86
53 26
45 81
58 80
53 71
32 69
32 111
35 50
59 85
44 83
35 66
15 73
34 65
40 40
23 87
23 101
13 90
7 51
65 97
47 98
33 61
12 9
52 54
49 49
66 75
24 61
69 3
64 91
24 44
62 92
23 40
64 28
5 14
0 23
15 98
41 79
1 71
26 26
69 66
47 111
41 29
22 100
23 84
56 105
57 73
37 105
2 56
24 4
51 64
21 68
17 95
32 22
3 109
42 69
69 103
45 86
49 40
40 17
66 44
59 93
31 52
35 50
12 36
54 82
60 107
58 40
36 110
62 106
12 73
24 29
32 17
44 112
23 99
11 34
70 76
19 91
40 107
19 85
28 6
0 34
56 21
57 76
65 54
13 4
18 100
41 94
67 8
21 46
42 83
11 101
5 42
36 93
34 41
59 88
12 110
46 33
0 33
6 45
50 75
33 23
49 102
53 62
26 54
8 43
56 106
4 110
11 32
56 37
14 107
46 111
59 50
34 95
2 29
28 102
38 103
2 77
69 2
58 14
36 28
20 88
17 65
61 28
70 36
3 41
19 7
46 47
7 100
41 66
41 26
69 13
60 69
29 34
19 69
53 107
67 35
47 10
67 90
6 100
56 49
28 61
27 11
16 79
37 82
14 92
60 42
6 60
36 31
26 50
57 9
28 96
14 80
31 35
68 88
48 80
37 75
54 2
23 59
59 111
36 60
62 37
21 99
67 22
50 49
31 6
31 108
49 38
46 51
34 6
34 87
43 4
4 6
54 55
37 97
58 3
24 100
25 50
27 8
16 87
68 82
61 69
9 88
36 43
32 79
30 49
57 14
58 88
49 86
54 33
70 77
43 11
11 50
44 15
15 33
8 48
15 90
7 26
29 17
52 65
48 73
42 21
61 22
51 44
66 2
24 27
60 76
0 8
68 107
62 100
35 110
57 102
53 46
64 57
1 89
15 6
21 58
41 63
9 53
53 103
23 6
62 87
20 58
29 41
7 18
42 82
42 64
66 56
14 39
14 73
49 47
54 59
39 73
51 45
19 46
57 108
42 26
28 95
50 1
43 109
56 106
67 34
27 71
10 12
2 53
47 47
61 97
17 28
8 48
38 13
1 70
52 72
69 102
49 1
38 109
68 44
8 22
60 87
31 87
40 20
43 80
16 12
37 108
65 7
68 30
62 75
51 84
66 80
34 65
23 39
59 35
15 89
35 99
34 100
28 75
55 79
12 3
3 71
56 74
44 37
69 77
13 61
57 50
52 47
0 80
40 59
54 0
13 92
53 4
15 106
37 1
28 24
18 59
69 46
62 108
5 3
27 28
19 96
24 59
33 71
20 107
27 88
8 6
8 78
33 88
48 92
14 70
35 96
56 31
47 53
44 104
42 74
54 64
7 29
2 85
34 85
67 99
4 102
55 65
21 24
16 28
52 103
27 38
9 34
5 51
33 40
69 74
62 34
38 40
66 106
45 8
2 82
30 26
38 24
18 78
30 87
27 74
70 27
13 11
24 93
19 34
68 24
36 39
49 67
37 38
14 75
5 44
31 13
42 90
2 76
9 73
52 27
48 35
16 40
55 98
12 26
26 17
33 83
24 27
50 83
28 41
43 91
22 82
69 112
10 41
69 81
12 77
66 13
12 62
38 41
0 77
43 97
17 35
4 21
20 73
46 58
10 34
5 26
0 18
26 2
4 96
39 44
10 19
50 54
59 87
53 106
50 73
12 79
44 26
36 43
13 104
14 23
12 6
56 46
58 94
26 46
57 23
49 34
36 53
51 100
66 51
59 39
1 106
60 23
41 45
61 76
5 57
1 85
51 76
44 41
44 105
50 104
10 51
36 69
59 9
45 60
14 15
6 40
33 88
40 52
6 40
27 6
37 102
16 65
61 22
49 75
60 82
7 106
47 74
61 5
52 59
43 18
44 46
36 41
62 53
23 9
29 82
40 112
52 75
36 78
6 85
64 53
40 58
16 39
27 111
65 100
36 43
53 5
44 104
23 31
5 39
1 27
19 19
43 63
3 45
68 78
47 62
24 57
27 80
18 68
9 70
35 112
36 33
13 7
29 47
35 68
0 96
42 82
45 49
0 47
27 90
13 80
23 92
25 1
44 85
27 84
9 93
12 86
51 0
70 71
41 75
17 42
20 48
31 92
65 36
67 83
55 69
17 49
5 98
34 95
44 15
16 42
64 110
55 19
53 28
18 79
10 58
35 26
2 72
69 44
60 78
61 29
63 72
18 16
58 13
40 43
62 52
65 71
29 47
24 88
56 101
39 98
63 99
66 37
7 12
37 100
2 51
66 38
68 84
52 74
21 109
42 67
35 39
40 27
30 69
47 75
10 93
64 23
3 80
32 48
60 51
68 34
66 67
39 95
61 98
19 41
44 104
65 2
12 54
56 54
42 11
18 57
51 3
63 45
7 8
13 93
58 51
9 23
26 22
25 23
3 2
25 25
20 64
32 81
16 74
11 23
27 52
63 60
42 56
33 76
69 3
0 41
8 97
27 80
38 38
50 48
45 26
33 85
43 58
70 39
6 74
18 90
15 36
37 55
60 39
47 94
68 86
3 58
66 63
69 57
33 23
52 13
58 72
47 0
56 53
0 14
20 43
43 25
17 43
64 88
20 82
35 25
10 55
45 25
12 51
54 95
37 3
52 39
26 45
27 72
63 17
15 90
32 90
55 4
4 48
34 32
51 93
27 88
36 55
60 10
53 56
69 61
36 14
59 98
51 89
6 97
56 47
3 82
24 101
19 36
45 31
32 55
46 107
22 110
65 12
35 20
15 89
27 108
37 96
20 101
63 10
53 48
20 14
13 91
58 84
7 82
17 93
14 47
44 46
14 97
40 86
43 23
53 42
19 2
4 67
12 30
37 77
54 72
70 24
2 54
62 56
53 54
4 5
32 80
60 71
0 4
34 103
1 45
9 51
58 29
30 102
55 40
23 2
42 49
27 77
53 86
6 38
47 37
40 107
3 54
8 7
6 76
8 10
48 63
16 29
20 79
59 31
40 13
48 63
6 26
60 69
16 30
44 60
26 75
48 66
45 54
23 26
27 57
15 103
28 8
38 7
61 1
23 39
22 6
38 101
11 5
5 12
40 14
19 47
54 39
6 15
42 111
35 82
16 94
68 0
7 95
49 23
15 38
60 90
0 26
68 67
13 53
43 42
44 6
34 38
19 99
64 88
69 97
19 24
36 58
23 13
39 40
62 18
36 50
46 40
61 32
45 44
69 72
28 72
33 36
17 88
58 30
8 92
11 56
59 42
41 109
47 3
49 79
63 39
66 72
26 91
21 44
59 1
64 28
17 30
68 85
49 27
56 12
0 60
49 101
39 1
18 20
47 63
49 51
52 38
7 90
70 2
36 36
69 29
21 64
17 66
44 86
39 33
5 64
17 42
26 65
26 109
24 76
68 75
33 91
27 83
10 39
25 106
30 45
38 1
67 48
32 7
17 32
49 63
38 39
60 83
16 72
27 13
10 66
32 32
51 58
37 20
46 35
15 62
14 56
48 20
45 21
13 24
59 98
40 86
37 82
53 23
1 86
51 49
68 65
65 51
21 98
64 49
16 24
44 98
15 7
40 88
47 94
50 63
14 64
15 73
62 65
46 33
56 18
12 108
2 100
39 29
59 83
29 32
67 24
69 3
5 11
43 99
19 97
41 85
20 7
58 5
64 30
15 77
53 69
10 87
44 33
58 101
13 59
0 64
27 109
44 23
46 22
47 63
13 41
54 54
24 61
14 93
64 89
62 10
62 53
44 2
33 19
9 61
68 30
18 23
38 84
12 72
37 49
25 3
12 109
2 58
23 90
50 106
47 74
33 28
27 74
50 103
20 48
14 59
33 54
64 23
0 39
10 69
38 63
22 60
29 99
4 72
30 16
60 48
68 108
47 0
13 73
9 82
20 62
42 16
20 33
52 63
53 18
62 57
51 90
22 43
8 96
28 85
40 53
53 37
39 42
4 30
33 55
52 92
11 66
22 96
15 45
12 45
56 12
46 83
63 112
17 105
68 25
60 89
29 30
8 88
48 11
1 108
48 84
64 63
41 16
9 9
17 1
15 102
5 78
1 89
3 56
6 68
9 101
15 83
26 61
57 111
40 105
22 15
29 68
14 47
12 45
52 44
49 107
4 30
43 109
31 24
69 32
30 106
53 32
5 77
5 97
52 26
64 22
41 94
40 90
23 107
43 7
8 42
36 65
62 91
24 63
14 70
12 93
1 51
32 49
28 82
62 45
32 90
62 90
19 27
52 69
35 81
2 53
15 76
70 92
39 100
12 75
34 77
59 25
45 85
27 103
69 11
27 95
9 9
15 24
21 59
21 98
41 43
37 50
17 5
38 20
5 101
5 2
20 17
32 9
52 64
44 97
35 2
67 55
37 62
2 52
57 112
58 2
6 73
48 45
22 25
27 78
68 35
62 107
37 91
53 70
24 71
53 110
0 91
44 17
35 78
70 18
26 105
44 0
44 35
42 40
62 12
69 109
31 79
3 36
67 57
7 67
42 81
26 58
63 96
50 26
40 12
52 49
30 87
18 43
24 20
59 94
20 63
70 24
57 75
29 62
9 23
52 32
55 81
36 37
29 67
17 77
59 44
24 1
16 106
35 28
41 21
30 108
51 64
20 17
30 96
23 76
2 99
34 69
17 64
51 89
12 59
37 5
33 31
30 20
33 110
60 31
18 29
30 41
51 20
39 9
58 0
11 25
33 62
3 1
31 29
38 95
45 23
2 45
59 58
8 86
6 52
43 77
65 51
59 35
11 55
10 99
8 100
50 35
11 41
19 54
69 97
31 1
46 32
35 44
57 103
28 22
69 1
52 27
49 95
45 67
24 70
11 111
39 44
22 77
43 53
53 66
39 51
31 42
65 49
66 23
65 41
63 46
26 42
66 35
21 66
26 66
25 94
68 40
67 48
15 58
50 15
24 55
33 28

